 180.00   2.772996E-01
 176.87   2.779258E-01
 173.75   2.798196E-01
 170.65   2.830263E-01
 167.59   2.876235E-01
 164.56   2.937225E-01
 161.58   3.014716E-01
 158.66   3.110586E-01
 155.80   3.227132E-01
 153.00   3.367086E-01
 150.28   3.533614E-01
 147.63   3.730287E-01
 145.05   3.961028E-01
 142.56   4.230013E-01
 140.13   4.541530E-01
 137.79   4.899796E-01
 135.52   5.308719E-01
 133.32   5.771624E-01
 131.19   6.290947E-01
 129.13   6.867901E-01
 127.14   7.502149E-01
 125.22   8.191487E-01
 123.35   8.931574E-01
 121.55   9.715723E-01
 119.80   1.053478E+00
 118.10   1.137711E+00
 116.46   1.222875E+00
 114.86   1.307362E+00
 113.31   1.389400E+00
 111.81   1.467103E+00
 110.35   1.538540E+00
 108.92   1.601812E+00
 107.53   1.655131E+00
 106.18   1.696904E+00
 104.86   1.725806E+00
 103.58   1.740852E+00
 102.32   1.741443E+00
 101.09   1.727410E+00
  99.89   1.699029E+00
  98.72   1.657019E+00
  97.57   1.602521E+00
  96.44   1.537060E+00
  95.34   1.462487E+00
  94.25   1.380911E+00
  93.19   1.294620E+00
  92.15   1.205991E+00
  91.12   1.117401E+00
  90.11   1.031137E+00
  89.11   9.493131E-01
  88.14   8.737909E-01
  87.17   8.061206E-01
  86.22   7.474915E-01
  85.29   6.987022E-01
  84.36   6.601483E-01
  83.45   6.318277E-01
  82.56   6.133633E-01
  81.67   6.040395E-01
  80.79   6.028509E-01
  79.92   6.085603E-01
  79.07   6.197619E-01
  78.22   6.349476E-01
  77.38   6.525731E-01
  76.55   6.711207E-01
  75.73   6.891574E-01
  74.92   7.053850E-01
  74.11   7.186818E-01
  73.31   7.281344E-01
  72.52   7.330588E-01
  71.73   7.330100E-01
  70.96   7.277817E-01
  70.18   7.173963E-01
  69.42   7.020854E-01
  68.66   6.822639E-01
  67.90   6.584988E-01
  67.15   6.314737E-01
  66.41   6.019521E-01
  65.67   5.707409E-01
  64.94   5.386549E-01
  64.21   5.064850E-01
  63.48   4.749696E-01
  62.76   4.447714E-01
  62.04   4.164590E-01
  61.33   3.904937E-01
  60.62   3.672224E-01
  59.92   3.468751E-01
  59.22   3.295670E-01
  58.52   3.153051E-01
  57.82   3.039979E-01
  57.13   2.954686E-01
  56.44   2.894689E-01
  55.76   2.856955E-01
  55.08   2.838062E-01
  54.40   2.834357E-01
  53.72   2.842113E-01
  53.05   2.857662E-01
  52.38   2.877525E-01
  51.71   2.898506E-01
  51.04   2.917776E-01
  50.38   2.932931E-01
  49.72   2.942030E-01
  49.06   2.943606E-01
  48.40   2.936665E-01
  47.75   2.920668E-01
  47.10   2.895492E-01
  46.45   2.861390E-01
  45.80   2.818938E-01
  45.15   2.768971E-01
  44.50   2.712529E-01
  43.86   2.650794E-01
  43.22   2.585030E-01
  42.58   2.516532E-01
  41.94   2.446572E-01
  41.30   2.376364E-01
  40.67   2.307020E-01
  40.04   2.239532E-01
  39.40   2.174742E-01
  38.77   2.113340E-01
  38.14   2.055851E-01
  37.51   2.002637E-01
  36.89   1.953909E-01
  36.26   1.909730E-01
  35.64   1.870035E-01
  35.01   1.834646E-01
  34.39   1.803295E-01
  33.77   1.775637E-01
  33.15   1.751278E-01
  32.53   1.729790E-01
  31.91   1.710732E-01
  31.30   1.693662E-01
  30.68   1.678160E-01
  30.06   1.663833E-01
  29.45   1.650328E-01
  28.84   1.637337E-01
  28.22   1.624607E-01
  27.61   1.611934E-01
  27.00   1.599170E-01
  26.39   1.586217E-01
  25.78   1.573024E-01
  25.17   1.559580E-01
  24.56   1.545913E-01
  23.96   1.532076E-01
  23.35   1.518143E-01
  22.74   1.504202E-01
  22.14   1.490345E-01
  21.53   1.476664E-01
  20.93   1.463243E-01
  20.33   1.450152E-01
  19.72   1.437447E-01
  19.12   1.425161E-01
  18.52   1.413307E-01
  17.92   1.401876E-01
  17.31   1.390836E-01
  16.71   1.380136E-01
  16.11   1.369709E-01
  15.51   1.359471E-01
  14.91   1.349330E-01
  14.31   1.339190E-01
  13.71   1.328954E-01
  13.12   1.318529E-01
  12.52   1.307833E-01
  11.92   1.296799E-01
  11.32   1.285377E-01
  10.72   1.273541E-01
  10.13   1.261288E-01
   9.53   1.248644E-01
   8.93   1.235661E-01
   8.34   1.222418E-01
   7.74   1.209022E-01
   7.14   1.195602E-01
   6.55   1.182309E-01
   5.95   1.169311E-01
   5.36   1.156787E-01
   4.76   1.144924E-01
   4.17   1.133909E-01
   3.57   1.123926E-01
   2.98   1.115148E-01
   2.38   1.107732E-01
   1.79   1.101813E-01
   1.19   1.097503E-01
   0.60   1.094883E-01
   0.00   1.094004E-01