 180.00   2.218610E+00
 176.87   2.230423E+00
 173.75   2.265947E+00
 170.65   2.325412E+00
 167.59   2.409102E+00
 164.56   2.517224E+00
 161.58   2.649722E+00
 158.66   2.806064E+00
 155.80   2.985015E+00
 153.00   3.184409E+00
 150.28   3.400970E+00
 147.63   3.630183E+00
 145.05   3.866262E+00
 142.56   4.102230E+00
 140.13   4.330117E+00
 137.79   4.541285E+00
 135.52   4.726865E+00
 133.32   4.878273E+00
 131.19   4.987775E+00
 129.13   5.049051E+00
 127.14   5.057713E+00
 125.22   5.011726E+00
 123.35   4.911692E+00
 121.55   4.760959E+00
 119.80   4.565539E+00
 118.10   4.333828E+00
 116.46   4.076144E+00
 114.86   3.804112E+00
 113.31   3.529946E+00
 111.81   3.265684E+00
 110.35   3.022441E+00
 108.92   2.809740E+00
 107.53   2.634975E+00
 106.18   2.503034E+00
 104.86   2.416116E+00
 103.58   2.373725E+00
 102.32   2.372844E+00
 101.09   2.408253E+00
  99.89   2.472963E+00
  98.72   2.558725E+00
  97.57   2.656584E+00
  96.44   2.757438E+00
  95.34   2.852574E+00
  94.25   2.934142E+00
  93.19   2.995562E+00
  92.15   3.031818E+00
  91.12   3.039652E+00
  90.11   3.017633E+00
  89.11   2.966106E+00
  88.14   2.887044E+00
  87.17   2.783808E+00
  86.22   2.660838E+00
  85.29   2.523310E+00
  84.36   2.376785E+00
  83.45   2.226862E+00
  82.56   2.078867E+00
  81.67   1.937593E+00
  80.79   1.807094E+00
  79.92   1.690533E+00
  79.07   1.590107E+00
  78.22   1.507012E+00
  77.38   1.441481E+00
  76.55   1.392850E+00
  75.73   1.359676E+00
  74.92   1.339882E+00
  74.11   1.330918E+00
  73.31   1.329941E+00
  72.52   1.333988E+00
  71.73   1.340143E+00
  70.96   1.345690E+00
  70.18   1.348240E+00
  69.42   1.345823E+00
  68.66   1.336957E+00
  67.90   1.320683E+00
  67.15   1.296562E+00
  66.41   1.264657E+00
  65.67   1.225480E+00
  64.94   1.179929E+00
  64.21   1.129211E+00
  63.48   1.074755E+00
  62.76   1.018125E+00
  62.04   9.609340E-01
  61.33   9.047633E-01
  60.62   8.510913E-01
  59.92   8.012313E-01
  59.22   7.562830E-01
  58.52   7.170973E-01
  57.82   6.842538E-01
  57.13   6.580536E-01
  56.44   6.385234E-01
  55.76   6.254319E-01
  55.08   6.183152E-01
  54.40   6.165111E-01
  53.72   6.191981E-01
  53.05   6.254388E-01
  52.38   6.342237E-01
  51.71   6.445155E-01
  51.04   6.552908E-01
  50.38   6.655778E-01
  49.72   6.744893E-01
  49.06   6.812506E-01
  48.40   6.852201E-01
  47.75   6.859045E-01
  47.10   6.829666E-01
  46.45   6.762275E-01
  45.80   6.656627E-01
  45.15   6.513932E-01
  44.50   6.336720E-01
  43.86   6.128673E-01
  43.22   5.894426E-01
  42.58   5.639356E-01
  41.94   5.369359E-01
  41.30   5.090626E-01
  40.67   4.809431E-01
  40.04   4.531927E-01
  39.40   4.263969E-01
  38.77   4.010956E-01
  38.14   3.777696E-01
  37.51   3.568313E-01
  36.89   3.386165E-01
  36.26   3.233807E-01
  35.64   3.112965E-01
  35.01   3.024553E-01
  34.39   2.968695E-01
  33.77   2.944772E-01
  33.15   2.951493E-01
  32.53   2.986965E-01
  31.91   3.048776E-01
  31.30   3.134090E-01
  30.68   3.239737E-01
  30.06   3.362303E-01
  29.45   3.498221E-01
  28.84   3.643852E-01
  28.22   3.795567E-01
  27.61   3.949816E-01
  27.00   4.103185E-01
  26.39   4.252455E-01
  25.78   4.394645E-01
  25.17   4.527044E-01
  24.56   4.647244E-01
  23.96   4.753154E-01
  23.35   4.843016E-01
  22.74   4.915414E-01
  22.14   4.969268E-01
  21.53   5.003838E-01
  20.93   5.018708E-01
  20.33   5.013781E-01
  19.72   4.989259E-01
  19.12   4.945627E-01
  18.52   4.883629E-01
  17.92   4.804251E-01
  17.31   4.708688E-01
  16.71   4.598321E-01
  16.11   4.474688E-01
  15.51   4.339452E-01
  14.91   4.194371E-01
  14.31   4.041265E-01
  13.71   3.881985E-01
  13.12   3.718384E-01
  12.52   3.552282E-01
  11.92   3.385441E-01
  11.32   3.219538E-01
  10.72   3.056143E-01
  10.13   2.896699E-01
   9.53   2.742504E-01
   8.93   2.594706E-01
   8.34   2.454290E-01
   7.74   2.322079E-01
   7.14   2.198738E-01
   6.55   2.084780E-01
   5.95   1.980574E-01
   5.36   1.886365E-01
   4.76   1.802288E-01
   4.17   1.728388E-01
   3.57   1.664640E-01
   2.98   1.610969E-01
   2.38   1.567272E-01
   1.79   1.533437E-01
   1.19   1.509358E-01
   0.60   1.494948E-01
   0.00   1.490151E-01