 180.00   2.485452E+00
 177.18   2.498018E+00
 174.37   2.536279E+00
 171.57   2.601845E+00
 168.80   2.697166E+00
 166.05   2.825187E+00
 163.33   2.988893E+00
 160.66   3.190768E+00
 158.03   3.432205E+00
 155.44   3.712918E+00
 152.91   4.030410E+00
 150.43   4.379561E+00
 148.01   4.752396E+00
 145.64   5.138081E+00
 143.33   5.523185E+00
 141.08   5.892223E+00
 138.89   6.228447E+00
 136.76   6.514863E+00
 134.69   6.735383E+00
 132.68   6.876018E+00
 130.72   6.926027E+00
 128.81   6.878887E+00
 126.96   6.733011E+00
 125.15   6.492127E+00
 123.40   6.165273E+00
 121.69   5.766394E+00
 120.03   5.313566E+00
 118.42   4.827907E+00
 116.84   4.332252E+00
 115.31   3.849696E+00
 113.81   3.402139E+00
 112.36   3.008917E+00
 110.93   2.685646E+00
 109.54   2.443348E+00
 108.18   2.287917E+00
 106.86   2.219948E+00
 105.56   2.234930E+00
 104.29   2.323758E+00
 103.05   2.473530E+00
 101.83   2.668535E+00
 100.63   2.891370E+00
  99.46   3.124091E+00
  98.32   3.349331E+00
  97.19   3.551295E+00
  96.08   3.716604E+00
  94.99   3.834913E+00
  93.92   3.899304E+00
  92.87   3.906436E+00
  91.83   3.856467E+00
  90.81   3.752763E+00
  89.81   3.601450E+00
  88.82   3.410825E+00
  87.84   3.190703E+00
  86.88   2.951723E+00
  85.93   2.704682E+00
  84.99   2.459908E+00
  84.07   2.226733E+00
  83.15   2.013069E+00
  82.25   1.825107E+00
  81.36   1.667140E+00
  80.47   1.541514E+00
  79.60   1.448696E+00
  78.73   1.387426E+00
  77.88   1.354968E+00
  77.03   1.347396E+00
  76.19   1.359934E+00
  75.36   1.387293E+00
  74.54   1.424010E+00
  73.72   1.464752E+00
  72.91   1.504588E+00
  72.11   1.539204E+00
  71.31   1.565065E+00
  70.52   1.579517E+00
  69.74   1.580828E+00
  68.96   1.568185E+00
  68.19   1.541631E+00
  67.42   1.501972E+00
  66.66   1.450659E+00
  65.91   1.389639E+00
  65.15   1.321208E+00
  64.41   1.247855E+00
  63.66   1.172120E+00
  62.93   1.096461E+00
  62.19   1.023142E+00
  61.46   9.541393E-01
  60.74   8.910792E-01
  60.02   8.351913E-01
  59.30   7.872916E-01
  58.58   7.477851E-01
  57.87   7.166873E-01
  57.16   6.936626E-01
  56.46   6.780735E-01
  55.76   6.690394E-01
  55.06   6.654990E-01
  54.37   6.662750E-01
  53.67   6.701358E-01
  52.98   6.758542E-01
  52.30   6.822581E-01
  51.61   6.882746E-01
  50.93   6.929641E-01
  50.25   6.955461E-01
  49.58   6.954151E-01
  48.90   6.921476E-01
  48.23   6.855009E-01
  47.56   6.754058E-01
  46.89   6.619515E-01
  46.23   6.453675E-01
  45.56   6.260012E-01
  44.90   6.042932E-01
  44.24   5.807523E-01
  43.58   5.559296E-01
  42.93   5.303948E-01
  42.27   5.047133E-01
  41.62   4.794260E-01
  40.97   4.550323E-01
  40.32   4.319758E-01
  39.67   4.106340E-01
  39.02   3.913105E-01
  38.38   3.742312E-01
  37.74   3.595434E-01
  37.09   3.473177E-01
  36.45   3.375520E-01
  35.81   3.301784E-01
  35.18   3.250709E-01
  34.54   3.220548E-01
  33.90   3.209168E-01
  33.27   3.214152E-01
  32.63   3.232906E-01
  32.00   3.262752E-01
  31.37   3.301021E-01
  30.74   3.345136E-01
  30.11   3.392676E-01
  29.48   3.441431E-01
  28.85   3.489445E-01
  28.23   3.535036E-01
  27.60   3.576816E-01
  26.98   3.613682E-01
  26.35   3.644810E-01
  25.73   3.669635E-01
  25.11   3.687824E-01
  24.49   3.699248E-01
  23.86   3.703951E-01
  23.24   3.702121E-01
  22.63   3.694059E-01
  22.01   3.680163E-01
  21.39   3.660905E-01
  20.77   3.636821E-01
  20.15   3.608505E-01
  19.54   3.576604E-01
  18.92   3.541827E-01
  18.31   3.504942E-01
  17.69   3.466782E-01
  17.08   3.428253E-01
  16.46   3.390327E-01
  15.85   3.354043E-01
  15.24   3.320492E-01
  14.62   3.290799E-01
  14.01   3.266103E-01
  13.40   3.247515E-01
  12.79   3.236090E-01
  12.18   3.232775E-01
  11.57   3.238370E-01
  10.96   3.253478E-01
  10.35   3.278463E-01
   9.74   3.313411E-01
   9.13   3.358103E-01
   8.52   3.411993E-01
   7.91   3.474200E-01
   7.30   3.543517E-01
   6.69   3.618436E-01
   6.08   3.697175E-01
   5.47   3.777740E-01
   4.86   3.857979E-01
   4.26   3.935658E-01
   3.65   4.008543E-01
   3.04   4.074477E-01
   2.43   4.131467E-01
   1.82   4.177759E-01
   1.22   4.211909E-01
   0.61   4.232841E-01
   0.00   4.239894E-01
