 180.00   9.814579E+00
 177.19   9.727327E+00
 174.39   9.468778E+00
 171.60   9.048474E+00
 168.83   8.482030E+00
 166.09   7.790669E+00
 163.38   7.000547E+00
 160.71   6.141819E+00
 158.09   5.247462E+00
 155.51   4.351848E+00
 152.98   3.489137E+00
 150.51   2.691542E+00
 148.09   1.987603E+00
 145.73   1.400579E+00
 143.42   9.471036E-01
 141.18   6.362338E-01
 138.99   4.689810E-01
 136.86   4.383974E-01
 134.79   5.302182E-01
 132.78   7.240203E-01
 130.82   9.948034E-01
 128.91   1.314861E+00
 127.06   1.655785E+00
 125.26   1.990427E+00
 123.50   2.294672E+00
 121.80   2.548872E+00
 120.14   2.738849E+00
 118.52   2.856412E+00
 116.95   2.899370E+00
 115.41   2.871092E+00
 113.92   2.779676E+00
 112.46   2.636838E+00
 111.03   2.456634E+00
 109.64   2.254135E+00
 108.28   2.044181E+00
 106.95   1.840286E+00
 105.66   1.653783E+00
 104.38   1.493238E+00
 103.14   1.364151E+00
 101.92   1.268940E+00
 100.73   1.207157E+00
  99.55   1.175906E+00
  98.40   1.170395E+00
  97.28   1.184567E+00
  96.17   1.211743E+00
  95.08   1.245235E+00
  94.01   1.278872E+00
  92.95   1.307422E+00
  91.91   1.326877E+00
  90.89   1.334609E+00
  89.89   1.329391E+00
  88.90   1.311303E+00
  87.92   1.281558E+00
  86.96   1.242245E+00
  86.01   1.196048E+00
  85.07   1.145955E+00
  84.14   1.094973E+00
  83.22   1.045885E+00
  82.32   1.001048E+00
  81.43   9.622546E-01
  80.54   9.306507E-01
  79.67   9.067091E-01
  78.80   8.902616E-01
  77.94   8.805721E-01
  77.10   8.764446E-01
  76.26   8.763540E-01
  75.42   8.785863E-01
  74.60   8.813788E-01
  73.78   8.830495E-01
  72.97   8.821077E-01
  72.17   8.773414E-01
  71.37   8.678763E-01
  70.58   8.532071E-01
  69.80   8.332010E-01
  69.02   8.080768E-01
  68.24   7.783630E-01
  67.48   7.448414E-01
  66.71   7.084787E-01
  65.96   6.703546E-01
  65.20   6.315893E-01
  64.46   5.932757E-01
  63.71   5.564195E-01
  62.97   5.218904E-01
  62.24   4.903853E-01
  61.51   4.624055E-01
  60.78   4.382468E-01
  60.06   4.180018E-01
  59.34   4.015739E-01
  58.63   3.886996E-01
  57.92   3.789781E-01
  57.21   3.719056E-01
  56.50   3.669113E-01
  55.80   3.633938E-01
  55.10   3.607557E-01
  54.41   3.584344E-01
  53.71   3.559281E-01
  53.02   3.528168E-01
  52.34   3.487762E-01
  51.65   3.435862E-01
  50.97   3.371331E-01
  50.29   3.294062E-01
  49.61   3.204898E-01
  48.94   3.105510E-01
  48.26   2.998245E-01
  47.59   2.885953E-01
  46.93   2.771808E-01
  46.26   2.659119E-01
  45.59   2.551152E-01
  44.93   2.450969E-01
  44.27   2.361278E-01
  43.61   2.284316E-01
  42.96   2.221752E-01
  42.30   2.174623E-01
  41.65   2.143299E-01
  41.00   2.127475E-01
  40.35   2.126192E-01
  39.70   2.137887E-01
  39.05   2.160454E-01
  38.41   2.191342E-01
  37.76   2.227649E-01
  37.12   2.266243E-01
  36.48   2.303880E-01
  35.84   2.337328E-01
  35.20   2.363491E-01
  34.56   2.379521E-01
  33.93   2.382932E-01
  33.29   2.371684E-01
  32.66   2.344267E-01
  32.02   2.299752E-01
  31.39   2.237833E-01
  30.76   2.158836E-01
  30.13   2.063711E-01
  29.50   1.954004E-01
  28.87   1.831798E-01
  28.25   1.699645E-01
  27.62   1.560476E-01
  27.00   1.417501E-01
  26.37   1.274098E-01
  25.75   1.133696E-01
  25.12   9.996646E-02
  24.50   8.752035E-02
  23.88   7.632410E-02
  23.26   6.663485E-02
  22.64   5.866702E-02
  22.02   5.258726E-02
  21.40   4.851147E-02
  20.78   4.650396E-02
  20.17   4.657869E-02
  19.55   4.870255E-02
  18.93   5.280021E-02
  18.32   5.876050E-02
  17.70   6.644363E-02
  17.09   7.568906E-02
  16.47   8.632343E-02
  15.86   9.816820E-02
  15.25   1.110465E-01
  14.63   1.247889E-01
  14.02   1.392380E-01
  13.41   1.542511E-01
  12.80   1.697018E-01
  12.18   1.854795E-01
  11.57   2.014882E-01
  10.96   2.176431E-01
  10.35   2.338672E-01
   9.74   2.500873E-01
   9.13   2.662287E-01
   8.52   2.822121E-01
   7.91   2.979493E-01
   7.30   3.133405E-01
   6.69   3.282733E-01
   6.08   3.426220E-01
   5.48   3.562490E-01
   4.87   3.690071E-01
   4.26   3.807436E-01
   3.65   3.913048E-01
   3.04   4.005411E-01
   2.43   4.083134E-01
   1.82   4.144982E-01
   1.22   4.189933E-01
   0.61   4.217219E-01
   0.00   4.226368E-01
