21        121.782        55418.4        118.701       0.748258        1.11335        222.176      0.0073362     0.00540481      0.0136732
21        244.697        11401.9        241.206      -0.824438      -0.990627        104.945      0.0175787       0.012971      0.0293695
21        344.279        32114.8        340.585       0.808942        1.09814        161.332     0.00999563     0.00710988      0.0166953
21        778.904         8936.8        779.264       0.879652        1.26662        79.3973      0.0214349       0.014454      0.0365468
21        964.079        8332.68        963.791       0.943867        1.28331         73.992      0.0202423      0.0139043      0.0322596
21        1085.87        4765.29        1084.91        1.47514       0.739122        63.7597      0.0361865      0.0379263        0.03289
21        1112.07         6529.4        1111.47       0.961101        1.38871        63.8551      0.0242746      0.0171316      0.0404651
21        1408.01        8061.97        1409.36       0.967208        1.66501         66.779       0.022251      0.0139362      0.0386859
22        121.782        52350.1        118.605        2.44385       0.335014        151.004     0.00978255     0.00716502     0.00380455
22        244.697        11037.4        241.095        2.58917       0.303797        76.1376      0.0209012      0.0212502      0.0076825
22        344.279        17022.3         345.18        1.14374        3.17873        67.7396       0.019181      0.0143672      0.0473736
22        778.904        14189.8        779.155        1.02106        1.34945        90.8024      0.0174268      0.0124567      0.0270855
22        964.079          13505        963.701        1.06605        1.37973        88.3461      0.0174539      0.0126369      0.0263813
22        1085.87        7370.59        1084.63        2.09799       0.584717        69.4128      0.0246303      0.0295056       0.014711
22        1112.07        10888.2        1111.39        1.14165        1.32978        77.8165       0.020138      0.0147134      0.0281047
22        1408.01        13142.6        1409.11        1.09687         1.7874        76.4631      0.0183398      0.0116683      0.0296203
23        121.782        78038.9        122.107       0.760716        1.83926        236.128     0.00675525     0.00443315      0.0168996
23        244.697          16627        244.386       0.869906        1.45654        115.956      0.0185492      0.0150373      0.0384907
23        344.279        45214.5        343.961        1.45172       0.649066        160.143     0.00914594     0.00699137     0.00684744
23        778.904        13694.7        779.328        1.00455        1.45609        87.9381      0.0187416      0.0131226      0.0303186
23        964.079        12987.4        963.776        1.09352         1.3986        83.9384      0.0179566      0.0126748       0.026155
23        1085.87        7091.53        1084.58        2.17047       0.586143        64.9561      0.0254432      0.0294648      0.0144404
23        1112.07        10555.4        1111.33        1.19012        1.30731        74.9747      0.0209105      0.0155354       0.027855
23        1408.01        12160.4        1409.43        1.15088        1.88316        67.7642      0.0201275      0.0124777      0.0307352
24        121.782        74659.9        121.786       0.821168        1.55504        225.478     0.00721586     0.00500707      0.0146202
24        244.697          15641        244.028       0.927267        1.32854        106.069      0.0180078      0.0132711      0.0307248
24        344.279        40118.4        343.106        1.35092       0.880086        148.515      0.0107531     0.00826051     0.00985416
24        778.904        15397.1        779.454       0.902051         1.3331        100.004       0.016429      0.0114127      0.0280941
24        964.079        14109.5         963.95       0.976076        1.37259        92.8765      0.0161493      0.0107435       0.025619
24        1085.87        7764.37        1084.82        1.67323       0.728464        80.9926      0.0304403      0.0353133      0.0250099
24        1112.07        11238.7        1111.45        1.01763        1.45251        80.6027      0.0189598      0.0136747      0.0308446
24        1408.01        13575.8        1409.86        1.00689        1.81664        82.7681      0.0161369      0.0101971      0.0289296
25        121.782        51447.4        120.909        1.52431       0.588294        175.943     0.00965919     0.00721744     0.00688407
25        244.697          10385        243.239        1.91768       0.482101        80.7877      0.0252719      0.0209008      0.0138629
25        344.279        29144.4         342.69        1.97694       0.546262        109.779      0.0149701     0.00968352      0.0072281
25        778.904        12477.4        779.303        1.02352        1.28419        86.9291      0.0189973      0.0132207      0.0282229
25        964.079        11782.9        964.003        1.12625        1.24253        81.3666      0.0191607      0.0131974      0.0252116
25        1085.87        6240.78        1084.92        2.23996       0.540677        58.8436      0.0292889      0.0314934      0.0150894
25        1112.07        9200.75        1111.67        1.31169        1.14571        68.8757      0.0225435      0.0161893      0.0247323
25        1408.01          11727        1409.46         1.1412        1.65007        72.6671      0.0181131      0.0112903      0.0263267
26        121.782        49320.6         122.34        1.11414        1.20289        174.201      0.0107876     0.00765041      0.0145237
26        244.697        8066.23        245.203          2.411      -0.499909        64.9812      0.0346779      0.0292238      0.0157433
26        344.279        24957.9        345.298        2.03989      -0.736656        93.8137      0.0185877      0.0121159      0.0098117
26        778.904        10760.3        779.215        1.27334        1.10266        75.8422      0.0214776      0.0154139      0.0236533
26        964.079        9905.55        964.168        1.48263        1.00549        68.1924      0.0229577      0.0166682      0.0204913
26        1085.87        5393.56        1086.11        2.71095       0.558159        43.5484      0.0353627      0.0304471      0.0138435
26        1112.07        7588.35        1112.66        1.74832       0.937614        54.9761      0.0286632      0.0202694       0.020587
26        1408.01        10938.5        1408.72        1.32503        1.45919        65.9407      0.0196236      0.0124147      0.0224945
27        121.782        45266.2        120.094        2.10406       0.505961        140.112      0.0113145      0.0087092     0.00559722
27        244.697        6033.49        240.504        5.22151    0.000397148        54.9064    0.000884669      0.0406388    9.98624e-05
27        344.279        12465.5        347.588        1.08645        4.27384        54.9691      0.0249567      0.0182584      0.0823926
27        778.904          12093        779.062        1.26774        1.03572        82.0329      0.0197443      0.0145901      0.0212529
27        964.079        10553.1        963.733        1.58435       0.883498        71.2758      0.0216064      0.0164414      0.0173248
27        1085.87        5433.94        1085.56         2.9702       0.531406        41.0634      0.0387004      0.0303303      0.0133387
27        1112.07        7267.44        1111.82        2.18251       0.741424        49.8298      0.0318653      0.0219341      0.0161866
27        1408.01        11601.6        1408.89        1.28775        1.55674        67.4687      0.0196287      0.0121162      0.0236894
28        121.782        56612.9        120.993        1.28212        1.17374        163.575      0.0114079     0.00737107      0.0121723
28        244.697        12901.8        242.952        1.42405       0.836729        90.4958      0.0236766      0.0189631      0.0216595
28        344.279        17184.5        346.671       0.811227        4.79304        70.2423      0.0167107      0.0122252      0.0810099
28        778.904        14199.7        779.171        1.03261        1.22158         93.686      0.0176736      0.0122241      0.0252296
28        964.079        13160.8        963.766        1.10308        1.25267        86.8765      0.0177202      0.0124909       0.024065
28        1085.87        6196.71        1085.62        2.43953       0.641004        50.0011       0.033549      0.0305072       0.016033
28        1112.07        7848.51        1112.63         1.5955        1.28555        52.0446      0.0333641      0.0206345       0.028643
28        1408.01        13084.9        1409.35        1.12638        1.61432        76.4455      0.0184332      0.0115336      0.0271139
29        121.782        94087.2        122.323        0.69957        1.54083        278.468     0.00717725     0.00455423      0.0167463
29        244.697        18054.1        244.666        0.76395        1.51611        131.163      0.0160415      0.0138312      0.0397538
29        344.279        57017.3        346.069        0.88928       -1.08936        205.594     0.00730839     0.00501446       0.011092
29        778.904        16529.9        779.321       0.909887        1.20534         108.02      0.0156623      0.0107849      0.0254133
29        964.079        14403.3        964.219        1.01128        1.31314        93.2174      0.0169895      0.0116727      0.0256444
29        1085.87        8809.51        1086.58        1.51346       0.733434        86.2187      0.0231816      0.0260427      0.0209716
29        1112.07        11954.7        1113.21        1.14995        1.10212        84.9075      0.0188761      0.0129089      0.0231425
29        1408.01        13198.8        1408.31         1.4239        1.08675        78.0741       0.018186      0.0111307      0.0169634
30        121.782         111071        122.155       0.723241        1.08053        319.954     0.00465648     0.00313419     0.00858454
30        244.697        20654.2         244.49      -0.824553       -1.03357        139.786      0.0164872      0.0127317      0.0288226
30        344.279        65842.7        346.058       0.761914        1.12331         235.12     0.00606919     0.00403515      0.0107528
30        778.904        17453.1        779.089        0.88972        1.15038        113.581      0.0140098     0.00968466      0.0223454
30        964.079          14904        964.848        1.03159        1.23036        94.5293      0.0159392      0.0108438       0.022366
30        1085.87        10305.5        1086.56        1.17932      -0.890289        91.5385      0.0214594      0.0201446      0.0255004
30        1112.07        13942.4        1112.96       0.883346        1.37275        98.6746      0.0152718      0.0101421      0.0272676
30        1408.01        16827.7        1407.76       0.972054        1.43226        99.2548      0.0138696     0.00906816      0.0224142
31        121.782          98041        121.824       0.740762        1.18234        295.244      0.0050858     0.00375735      0.0102011
31        244.697          18998        244.059       0.888182       0.915883        133.757      0.0136851      0.0112159      0.0200246
31        344.279        58405.4        346.006       0.788658        1.17743        217.033     0.00665539     0.00447692      0.0118699
31        778.904        15666.5        778.937       0.947513        1.09742        106.395      0.0148946      0.0108385       0.022114
31        964.079        14170.7         965.15       0.940644        1.37626        94.6833      0.0166368      0.0111109      0.0275095
31        1085.87        9010.06        1086.41        1.30397        0.82951         85.759       0.023553      0.0234322       0.025057
31        1112.07        12224.6        1112.85       0.945175        1.36172        90.3432      0.0166839      0.0115254      0.0281168
31        1408.01          14988        1407.67        1.04129        1.35485        92.9706       0.015298      0.0101334      0.0224694
32        121.782        68928.3        122.365        0.91516        1.35781        203.121     0.00970744     0.00620345      0.0158932
32        244.697        14369.3         244.85       0.994867         1.2126        102.949      0.0204313      0.0155763      0.0314482
32        344.279        44792.1        345.335        1.02581        1.06027        165.013     0.00971571     0.00633956      0.0122097
32        778.904        14572.2        779.189       0.901308        1.25614        101.326      0.0165881      0.0114409      0.0275795
32        964.079        13428.2        964.771       0.963861         1.3265        92.7309      0.0162855      0.0112728       0.026111
32        1085.87        8038.34        1086.41        1.37662       0.850328        80.8152      0.0259068      0.0267194      0.0269773
32        1112.07          11314        1112.87       0.965999        1.40114        84.7978       0.017726       0.012168      0.0297722
32        1408.01        13723.8        1407.91        1.01971        1.50098        88.8172      0.0162533      0.0103784      0.0258928
33        121.782        45255.7         122.88         0.7179        1.08914        208.278     0.00706798     0.00524692      0.0137022
33        244.697        9343.12        245.395       0.759598       -1.10871        95.8567       0.025135        0.01798       0.048154
33        344.279        24702.4        344.716       0.934148      -0.931935        138.208      0.0113555     0.00824845      0.0154401
33        778.904        7211.64        779.259       0.860481        1.31389        72.1056      0.0244039      0.0165222      0.0434894
33        964.079        6593.97        964.715       0.937278        1.35968        65.7524      0.0228895      0.0158933      0.0384636
33        1085.87         4001.1        1086.49        1.25509       0.958002        55.9636      0.0363543      0.0351401      0.0432565
33        1112.07        5667.17        1112.92       0.923576        1.46006        61.0325      0.0248357      0.0167186      0.0443101
33        1408.01        6677.46           1408       0.986533        1.60405        61.9901       0.023415       0.014653      0.0396801
41        121.782        52454.4        120.937       0.743029        1.05912        221.443     0.00650826     0.00462512      0.0117483
41        244.697        10893.4        243.474       0.764753        1.01993        106.289      0.0255865      0.0187768      0.0474716
41        344.279        30094.6        342.778       0.834329       0.996619        158.303     0.00999786     0.00732558      0.0154283
41        778.904        8192.13        779.174       0.847675        1.28597        77.6822      0.0216737      0.0139197      0.0379187
41        964.079         7736.6         964.05       0.914372        1.28069        72.5166      0.0211538      0.0140327      0.0347365
41        1085.87        4622.46        1085.28        1.28974        0.83143        62.1448      0.0333213      0.0330154       0.036017
41        1112.07        6219.88        1111.67        1.00596        1.20705        64.6852      0.0248939      0.0176451       0.036936
41        1408.01        7723.09        1409.21       0.951039        1.55407        67.4777       0.022278      0.0134724      0.0377885
42        121.782          81964        121.058       0.885064        0.96147        260.366     0.00614476     0.00446955     0.00909775
42        244.697        17639.6        243.547       0.913002       0.902884        127.714      0.0161786      0.0114585      0.0211491
42        344.279        48189.3        342.848        1.03759       0.844541        191.504     0.00856073     0.00679583       0.010316
42        778.904        14126.1        779.235       0.889122        1.35183        98.8783      0.0177543      0.0117571      0.0309949
42        964.079        13363.5        964.059       0.976368        1.30722         93.447      0.0170886      0.0115136      0.0269787
42        1085.87        7486.45        1085.16        1.63912       0.684131        86.0983      0.0293192       0.035587      0.0242672
42        1112.07        10683.2         1111.8        1.09181        1.22689        81.3261      0.0196762      0.0136208      0.0269027
42        1408.01        13563.2        1409.15       0.990276        1.61981        88.3375      0.0169907      0.0105882      0.0292666
43        121.782        32922.8        121.461       0.862653        1.19594         154.92      0.0116617     0.00836715      0.0200683
43        244.697        7283.97        243.854       0.922811        1.06783        79.7999      0.0250886      0.0200451      0.0400198
43        344.279        20112.8         343.18        1.06896        0.96948        116.411       0.013512       0.010114      0.0168118
43        778.904        6007.78         779.33       0.926722        1.46693        62.1732      0.0288259      0.0196177      0.0512658
43        964.079        5687.61        964.086        1.04259        1.36549        58.8546      0.0278292       0.018469       0.042336
43        1085.87        3049.65        1085.11        1.99225       0.622516        46.7059       0.043128      0.0503375       0.027781
43        1112.07        4608.69        1112.08        1.08471         1.4364        50.4432      0.0319174        0.02129       0.047187
43        1408.01        5922.29        1409.04        1.05037        1.64689        57.3614      0.0262527      0.0167617      0.0439662
44        121.782        49631.2         121.42       0.782284        1.13731        194.496     0.00956694     0.00654052      0.0169256
44        244.697        10056.3        243.889       0.859196       0.978379        94.9603      0.0187385        0.01478      0.0296797
44        344.279        27431.6        343.039         0.9536       0.940535        142.886      0.0107716      0.0084417      0.0146772
44        778.904        8104.91        779.626       0.905967        1.25122        74.9763      0.0217542       0.015457      0.0357337
44        964.079        7311.64        964.256       0.978209        1.29738        68.1071      0.0239024      0.0162776       0.037171
44        1085.87        4075.38         1085.1        1.80537       0.582373        63.4635      0.0393962      0.0498473      0.0274491
44        1112.07        5894.33        1111.77        1.07234        1.24097        59.6178      0.0260829      0.0193164      0.0369549
44        1408.01        7384.04        1410.02        1.03884        1.51923        62.8378      0.0226947      0.0145473      0.0355149
45        121.782        49631.2         121.42       0.782284        1.13731        194.496     0.00956694     0.00654052      0.0169256
45        244.697        10056.3        243.889       0.859196       0.978379        94.9603      0.0187385        0.01478      0.0296797
45        344.279        27431.6        343.039         0.9536       0.940535        142.886      0.0107716      0.0084417      0.0146772
45        778.904        8104.91        779.626       0.905967        1.25122        74.9763      0.0217542       0.015457      0.0357337
45        964.079        7311.64        964.256       0.978209        1.29738        68.1071      0.0239024      0.0162776       0.037171
45        1085.87        4075.38         1085.1        1.80537       0.582373        63.4635      0.0393962      0.0498473      0.0274491
45        1112.07        5894.33        1111.77        1.07234        1.24097        59.6178      0.0260829      0.0193164      0.0369549
45        1408.01        7384.04        1410.02        1.03884        1.51923        62.8378      0.0226947      0.0145473      0.0355149
