0              0       -169.143        2.83743
0              1        -171.25        2.76452
0              2        -211.87        2.81077
0              3       -102.446        2.82939
0              4       -179.238        2.77391
0              5       -188.726        3.03683
0              6       -190.854        2.64289
0              7       -163.438        2.84076
1              0       -6145.12        5.53506
1              1       -135.871         2.5757
1              2       -6403.22        5.44559
1              3       -6045.91        5.54544
1              4       -6801.76        6.00357
1              5       -10358.5        7.46931
1              6       -4500.67        4.86482
1              7       -47.0425        2.61374
2              0       -131.079        2.66826
2              1       -184.931        2.62952
2              2       -138.962        2.59777
2              3       -136.541        2.67872
2              4        -236.14        2.68502
2              5       -201.996        2.64847
2              6       -139.242        2.49503
2              7        -216.89        2.65552
3              0       -144.148        2.73267
3              1       -175.318        2.54577
3              2        -201.32        2.85237
3              3       -160.815        2.83679
3              4       -189.687        3.09379
3              5       -175.624        2.82238
3              6       -176.841        2.60455
3              7       -131.157        2.71155
4              0       -8658.96        7.16561
4              1       -115.513        2.58155
4              2       -131.512        2.53387
4              3       -111.525         2.6261
4              4       -202.868        2.75314
4              5       -188.494        2.90929
4              6       -162.311        2.90929
4              7       -185.833        2.62315
5              0       -193.874        2.84423
5              1        -236.12        2.81869
5              2       -283.194        2.87877
5              3       -165.308        2.57868
5              4       -196.822        2.76683
5              5       -166.646        2.71929
5              6       -223.606        2.61289
5              7       -225.514        2.68148
6              0       -28.9324        2.60661
6              1        -54.682        2.92569
6              2       -53.8608         2.7716
6              3       -129.978        2.86354
6              4       -76.0476        2.64201
6              5         -81.21        2.63591
6              6       -136.611         2.8005
6              7       -66.9284        2.85639
7              0        -151.22        3.01194
7              1       -63.3927        2.88232
7              2       -201.469        2.91036
7              3       -134.863        2.86708
7              4       -84.4925        2.78647
7              5       -120.677        2.98231
7              6         6043.5        2.26207
7              7         53.744        2.94485
8              0              0              0
8              1              0              0
8              2              0              0
8              3              0              0
8              4              0              0
8              5              0              0
8              6              0              0
8              7              0              0
9              0              0              0
9              1              0              0
9              2              0              0
9              3              0              0
9              4              0              0
9              5              0              0
9              6              0              0
9              7              0              0
10              0              0              0
10              1              0              0
10              2              0              0
10              3              0              0
10              4              0              0
10              5              0              0
10              6              0              0
10              7              0              0
11              0              0              0
11              1              0              0
11              2              0              0
11              3              0              0
11              4              0              0
11              5              0              0
11              6              0              0
11              7              0              0
