0              0              0        5379.19        1.25236
0              0              1        5378.11        1.31458
0              0              2       -323.011        5.20013
0              0              3       -297.824        4.82825
1              0              0       -103.518        4.20574
1              0              1        5379.48        1.30546
1              0              2       -59.2523        4.18899
1              0              3        4932.02         1.3946
2              0              0        -130.94        4.24055
2              0              1        5378.92        1.32057
2              0              2        5037.75        1.17591
2              0              3        5376.82        1.38153
3              0              0       -154.004         4.2263
3              0              1        4926.23        1.40799
3              0              2        5036.04        1.16347
3              0              3        4926.69        1.40903
4              0              0         6043.5        4030.83
4              0              1              0              0
4              0              2         6043.5        85.6406
4              0              3        5798.67       0.520783
5              0              0              0              0
5              0              1              0              0
5              0              2              0              0
5              0              3              0              0
6              0              0              0              0
6              0              1              0              0
6              0              2              0              0
6              0              3              0              0
7              0              0       -290.351        4.92659
7              0              1       -417.422        4.93906
7              0              2       -317.261        4.87054
7              0              3       -438.564         4.7743
8              0              0       -399.217        4.82825
8              0              1       -280.559        4.87353
8              0              2       -468.674         4.9605
8              0              3       -363.223        4.95111
9              0              0       -478.323        4.84872
9              0              1       -512.933        4.57148
9              0              2       -551.054        4.84872
9              0              3       -379.385         4.9605
10              0              0       -571.053        5.18995
10              0              1       -550.836        4.91666
10              0              2       -491.836        4.91666
10              0              3       -515.095        4.82825
11              0              0              0              0
11              0              1              0              0
11              0              2              0              0
11              0              3              0              0
