0              0              0       -301.647         3.9289
0              0              1       -218.063        3.82501
0              0              2       -6527.05        7.82502
0              0              3       -379.006        3.91541
1              0              0        -453.59        3.97337
1              0              1       -336.082        3.71119
1              0              2       -433.696        4.03173
1              0              3       -236.382        4.00398
2              0              0       -421.457        4.03304
2              0              1       -357.455        3.98798
2              0              2       -6536.28        8.43423
2              0              3       -301.583        3.80398
3              0              0       -6636.63        8.50854
3              0              1       -392.433        3.90715
3              0              2       -345.058        3.90688
3              0              3        90.0199        3.40415
4              0              0       -298.525        3.44007
4              0              1        4963.23        1.02944
4              0              2       -150.252        4.13839
4              0              3       -6335.82        8.44212
5              0              0              0              0
5              0              1              0              0
5              0              2              0              0
5              0              3              0              0
6              0              0       -6005.86         7.9645
6              0              1       -151.608        4.02363
6              0              2       -218.462        3.87221
6              0              3        -286.94        3.90715
7              0              0       -286.708        3.97337
7              0              1       -306.485        4.03373
7              0              2       -163.648        3.90906
7              0              3       -347.823        3.94442
8              0              0       -279.587        3.98723
8              0              1        -217.82        3.77023
8              0              2       -6565.21         8.6632
8              0              3        -154.26         3.9077
9              0              0       -298.695        3.88733
9              0              1       -10595.8        10.9161
9              0              2       -6368.66         8.4702
9              0              3       -260.091        3.86033
10              0              0       -399.682         4.0868
10              0              1        -265.95        4.07145
10              0              2       -5122.89        7.09668
10              0              3       -446.041        4.01807
11              0              0       -393.989        3.97337
11              0              1       -296.587        3.91664
11              0              2       -422.149        4.01681
11              0              3       -285.337        3.85112
