0              0              0       -56.9929        3.43259
0              0              1       -190.698        3.83809
0              0              2        -301.68        3.72509
0              0              3       -322.019        3.88733
1              0              0       -6583.98         8.2954
1              0              1       -260.435        3.66831
1              0              2       -6598.01        8.39621
1              0              3       -288.553        4.03173
2              0              0       -413.062        4.05621
2              0              1       -389.518        4.03977
2              0              2        -461.38        4.07145
2              0              3       -5119.59        6.84345
3              0              0       -438.122         4.0778
3              0              1       -488.287        3.95281
3              0              2       -458.676        4.00197
3              0              3       -396.007        4.06327
4              0              0       -306.459        3.87989
4              0              1       -304.508        3.76322
4              0              2       -323.737        4.22931
4              0              3       -6295.74        8.39621
5              0              0              0              0
5              0              1              0              0
5              0              2              0              0
5              0              3              0              0
6              0              0       -5869.34        7.89917
6              0              1       -6218.32        8.47161
6              0              2       -219.245        3.87795
6              0              3       -337.007         3.9289
7              0              0       -6291.52        8.16991
7              0              1       -4818.84        7.08767
7              0              2       -183.781         3.9289
7              0              3       -359.093        3.95758
8              0              0       -239.804        3.97938
8              0              1       -281.615        3.82461
8              0              2       -425.005        4.18977
8              0              3       -286.708        3.97337
9              0              0       -214.583        3.86605
9              0              1       -178.055        4.04811
9              0              2       -6308.56        8.43423
9              0              3       -260.975        3.86605
10              0              0       -6539.15        8.51816
10              0              1       -106.783        4.00262
10              0              2        5035.92       0.969513
10              0              3        4918.19        1.14101
11              0              0        62.6685        3.35419
11              0              1        5029.23       0.974774
11              0              2       -456.501        3.59432
11              0              3        -2192.7         4.7073
